20.238878271837685
19.422109995964362
19.364098877631843
19.22126346163952
18.916041693516416
18.790604773715625
18.370385218444458
18.26340923020704
17.798498291501016
17.686364754036774
17.489344370839326
17.394887318781944
17.081096283958104
16.63847254308233
16.41361740278534
16.258413218356313
15.929178716677592
15.614298126642495
15.269581668992014
15.218730987397254
15.120345225497726
14.926100049861082
14.556498684715553
14.205402904638671
14.007854000235266
13.871969639910356
13.779757588470371
13.58219514963253
13.314456304201865
13.190369093605137
13.004338944145243
12.78525247963912
12.54410237148944
12.362331662367874
12.162015742846904
11.710128842469166
11.566707912342302
11.322230813240957
11.193875539102095
10.89823189793195
10.80144178356129
10.638376914627434
10.324576006414308
10.120731911330182
10.119689227709713
9.870897867672587
9.760004685603963
9.668442679092209
9.51897256969184
9.378193452901789
9.304917094884798
9.022877319132991
8.815703487944868
8.605975889111813
8.279283502478028
7.931002865244727
7.81803898028687
7.71566755808378
7.651543272096966
7.379189087123436
7.179876909298507
7.150445728165207
7.030741709719818
6.974534338102481
6.845196953896064
6.686166168655577
6.60122708895121
6.549645090125303
6.378342393159964
6.266340708973475
6.22075766369029
6.031308579843589
5.919289142143998
5.748701138866016
5.5661708243328505
5.505276891598989
5.437926031676644
5.368067954861462
5.292064821644334
5.201270026864939
5.161108216239542
5.118376536467165
4.955516165710606
4.840737303527361
4.771645174284087
4.706989324767096
4.6198935744240455
4.527512486784706
4.4435154986955165
4.439371367463214
4.4098317260888855
4.343560062864628
4.3127373745122
4.294784317705793
4.277038704908071
4.240483242513276
4.172410707019096
4.121305226092231
4.092576439781271
4.074194674926828
